Accuracy_top1: 0.011111111111111112 Accuracy_top5: 0.040740740740740744Accuracy_top10: 0.07777777777777778
Accuracy_top1: 0.06666666666666667 Accuracy_top5: 0.15925925925925927Accuracy_top10: 0.24444444444444444
